252
232
2490
2570
238
235
236
234
237
233
23376
231
237
237
23374
23375
231
265
264
262
264
261
269
222
22296
223
22393
22394
22675
22397
22398
223
226
224
224
224
22452
22453
22454
253
32296
255
256
254
322
24300
246
24297
24300
244
245
312
24300
242
244
24291
24293
284
285
285
28494
2860
2830
284
267
2680
263
266
266
281
287
282
10
22290
22291
22293
22294
22297
22299
22391
22672
23190
23191
23195
23198
23199
24492
24495
24496
28151
28191
28193
28194
28195
28197
28198
28199
286
32293
32294
32295
32297
32298
32299
471
474
475
476
477
47732
478
6061
6067
6068
6069
6076
6077
6078
6079
6080
6081
6027
6062
6066
6029
6065
6037
6040
6043
6047
6048
6049ООО
6044
6050
6051
6052
6053
6054
6046
6036
6045
6056
6057
6058
6059
6060
